Interpolasi.tif
NCOLS 645
NROWS 607
XLLCORNER 95.281025
YLLCORNER 5.5162043
DX 0.00014993143
DY 0.0001498306
NODATA_VALUE -9999
[rows 540 to 566 of 607, columns 300 to 359 of 645]
3785.1843 3622.7788 3017.2012 2615.488 3399.034 3869.7166 4055.7589 4133.6739 4168.8711 4185.8461 4194.6687 4199.7456 4203.0662 4205.5376 4207.5727 4209.3595 4210.986 4212.4978 4213.9239 4215.2863 4216.6035 4217.8901 4219.1556 4220.4033 4221.6296 4222.8248 4223.9741 4225.0609 4226.0689 4226.9852 4227.8022 4228.5186 4229.1395 4229.6748 4230.1383 4230.5453 4230.9113 4231.2504 4231.5749 4231.8944 4232.2158 4232.5437 4232.8804 4233.2264 4233.5807 4233.9413 4234.3053 4234.6695 4235.0306 4235.385 4235.7293 4236.0605 4236.3756 4236.6722 4236.948 4237.201 4237.4297 4237.6328 4237.809 4237.9575
3874.8931 3853.3805 3734.0681 3701.9942 3886.9711 4064.7552 4157.4861 4197.5006 4212.9664 4218.0675 4219.1967 4219.0869 4218.8249 4218.7793 4219.0219 4219.5163 4220.1981 4221.0072 4221.8975 4222.8372 4223.806 4224.7909 4225.7828 4226.7731 4227.7527 4228.7104 4229.6338 4230.5099 4231.3269 4232.0752 4232.749 4233.3469 4233.8713 4234.3288 4234.7281 4235.08 4235.3953 4235.6846 4235.9571 4236.2205 4236.4806 4236.7416 4237.006 4237.2746 4237.5472 4237.8228 4238.0996 4238.3751 4238.6469 4238.9124 4239.1688 4239.4136 4239.6444 4239.8592 4240.0558 4240.2327 4240.3884 4240.5215 4240.6311 4240.7163
4007.4006 4092.8341 4160.1244 4227.9184 4281.2149 4300.1641 4295.8645 4282.7507 4268.509 4256.2523 4246.8 4239.9949 4235.3568 4232.3689 4230.5836 4229.6482 4229.3 4229.35 4229.6657 4230.1566 4230.7613 4231.4385 4232.1596 4232.9035 4233.6536 4234.3955 4235.1164 4235.8043 4236.4494 4237.0437 4237.5823 4238.0634 4238.4882 4238.8603 4239.1859 4239.472 4239.7266 4239.9571 4240.1708 4240.3736 4240.5702 4240.7643 4240.9582 4241.153 4241.349 4241.5456 4241.7416 4241.9355 4242.1254 4242.3093 4242.485 4242.6505 4242.8038 4242.9431 4243.0667 4243.1732 4243.2611 4243.3293 4243.3769 4243.4031
4150.1075 4314.7081 4500.2924 4662.7007 4659.1531 4546.9997 4446.7439 4376.0045 4328.2737 4296.3973 4275.1793 4261.1055 4251.8317 4245.7925 4241.9374 4239.5581 4238.1749 4237.4628 4237.2014 4237.2416 4237.4822 4237.8543 4238.3109 4238.8184 4239.3525 4239.8944 4240.4293 4240.945 4241.4319 4241.8828 4242.2929 4242.6599 4242.984 4243.2671 4243.5132 4243.7272 4243.9144 4244.0806 4244.2309 4244.37 4244.5017 4244.6291 4244.7542 4244.8782 4245.0015 4245.1239 4245.2448 4245.363 4245.4771 4245.5856 4245.6868 4245.779 4245.8607 4245.9302 4245.9862 4246.0273 4246.0522 4246.0601 4246.0499 4246.0209
4279.0055 4509.0715 4804.8304 5174.6378 5060.534 4773.9247 4584.1689 4461.4563 4383.2565 4333.4232 4301.4379 4280.7355 4267.2509 4258.4465 4252.7144 4249.0197 4246.6864 4245.2675 4244.4646 4244.0773 4243.9697 4244.0493 4244.2526 4244.5352 4244.8653 4245.2198 4245.5813 4245.9367 4246.2758 4246.5914 4246.8784 4247.1342 4247.3579 4247.5504 4247.7139 4247.8518 4247.9678 4248.0658 4248.1499 4248.2235 4248.2896 4248.3507 4248.4085 4248.4642 4248.5182 4248.5705 4248.6208 4248.6682 4248.7117 4248.7502 4248.7822 4248.8065 4248.8216 4248.8264 4248.8194 4248.7997 4248.766 4248.7175 4248.6533 4248.5727
4370.8813 4643.3651 4970.6266 5284.4323 5201.5854 4908.7064 4677.6156 4523.1206 4424.6482 4362.3988 4322.7767 4297.268 4280.6622 4269.7595 4262.5667 4257.8203 4254.7054 4252.6881 4251.414 4250.6451 4250.2201 4250.0289 4249.9953 4250.0664 4250.2045 4250.3827 4250.5813 4250.7857 4250.9851 4251.1718 4251.3404 4251.4877 4251.612 4251.7134 4251.7929 4251.8526 4251.8949 4251.9228 4251.9388 4251.9459 4251.9461 4251.9415 4251.9335 4251.923 4251.9106 4251.8963 4251.8798 4251.8607 4251.8381 4251.811 4251.7785 4251.7394 4251.6926 4251.6369 4251.5713 4251.4947 4251.4062 4251.305 4251.1903 4251.0614
4406.3927 4708.4845 5043.5709 5331.8835 5223.1148 4942.6841 4711.3649 4550.7265 4446.4616 4379.899 4337.2232 4309.5494 4291.3786 4279.3153 4271.2385 4265.8018 4262.135 4259.6671 4258.0177 4256.9303 4256.2301 4255.7969 4255.5471 4255.4223 4255.3809 4255.3933 4255.438 4255.4993 4255.5656 4255.6287 4255.6827 4255.724 4255.7503 4255.7608 4255.7557 4255.7362 4255.7037 4255.6601 4255.6073 4255.5474 4255.4819 4255.4123 4255.3399 4255.2652 4255.1888 4255.1108 4255.0309 4254.9488 4254.8639 4254.7753 4254.6822 4254.5837 4254.4788 4254.3666 4254.2461 4254.1163 4253.9766 4253.826 4253.6638 4253.4895
4358.067 4696.2772 5110.7897 5347.9412 5152.5472 4893.5302 4687.4235 4543.0551 4447.4008 4384.9909 4344.1565 4317.1743 4299.1358 4286.9414 4278.6177 4272.8918 4268.9299 4266.1777 4264.262 4262.9283 4262.0012 4261.359 4260.9161 4260.6122 4260.4041 4260.2608 4260.1598 4260.0847 4260.0235 4259.9674 4259.9103 4259.8478 4259.7775 4259.6977 4259.6081 4259.509 4259.4011 4259.2856 4259.1637 4259.0368 4258.906 4258.7723 4258.6367 4258.4997 4258.3615 4258.2223 4258.0819 4257.94 4257.796 4257.6493 4257.4992 4257.3448 4257.1854 4257.02 4256.8479 4256.6683 4256.4803 4256.2833 4256.0766 4255.8596
4156.7977 4479.2865 5066.1501 5243.8195 4981.9944 4773.0046 4617.3205 4506.873 4430.9404 4379.3948 4344.4227 4320.5593 4304.1397 4292.7397 4284.755 4279.1166 4275.1046 4272.2297 4270.1551 4268.6472 4267.5422 4266.7246 4266.1121 4265.6459 4265.2835 4264.994 4264.7548 4264.5493 4264.3652 4264.1937 4264.0283 4263.8643 4263.6987 4263.5295 4263.3558 4263.1772 4262.9939 4262.8064 4262.6155 4262.4218 4262.2263 4262.0295 4261.8321 4261.6343 4261.4363 4261.2382 4261.0398 4260.8408 4260.6407 4260.4389 4260.2347 4260.0276 4259.8167 4259.6013 4259.3806 4259.1539 4258.9206 4258.6799 4258.4312 4258.174
3657.9238 3655.81 4304.6816 4685.7124 4683.503 4602.8011 4521.4544 4454.6915 4403.9683 4366.8025 4340.0056 4320.7854 4306.99 4297.0497 4289.8466 4284.592 4280.7301 4277.8682 4275.7273 4274.1088 4272.8698 4271.9074 4271.147 4270.534 4270.0287 4269.6015 4269.2306 4268.8999 4268.5971 4268.3135 4268.0422 4267.7785 4267.519 4267.2613 4267.0041 4266.7464 4266.4879 4266.2287 4265.9691 4265.7093 4265.4497 4265.1908 4264.9327 4264.6757 4264.4198 4264.1648 4263.9107 4263.657 4263.4032 4263.149 4262.8936 4262.6364 4262.3768 4262.1141 4261.8475 4261.5764 4261.3002 4261.0182 4260.7299 4260.4347
2894.9036 1655.6436 3265.6883 4158.3575 4395.1249 4439.5427 4427.5398 4401.2245 4374.5122 4351.6578 4333.4012 4319.2777 4308.5145 4300.3608 4294.1872 4289.4991 4285.9197 4283.1658 4281.0268 4279.3462 4278.0078 4276.9254 4276.0348 4275.2881 4274.6494 4274.0918 4273.5948 4273.1432 4272.7252 4272.3321 4271.9571 4271.5954 4271.2433 4270.8981 4270.5579 4270.2217 4269.8885 4269.5581 4269.2303 4268.905 4268.5823 4268.2622 4267.9447 4267.6299 4267.3177 4267.0077 4266.6998 4266.3936 4266.0885 4265.7842 4265.48 4265.1752 4264.8694 4264.5617 4264.2517 4263.9386 4263.6218 4263.3008 4262.975 4262.6439
3088.1929 2376.353 3270.1936 3969.5606 4236.2713 4330.5148 4357.542 4358.1607 4349.2375 4337.8753 4326.9439 4317.4446 4309.5731 4303.2043 4298.1092 4294.0487 4290.8088 4288.2113 4286.1126 4284.3997 4282.9846 4281.7992 4280.7913 4279.9204 4279.1557 4278.4732 4277.8545 4277.2854 4276.755 4276.2546 4275.7778 4275.3195 4274.8759 4274.4441 4274.0218 4273.6077 4273.2005 4272.7995 4272.4041 4272.0141 4271.629 4271.2488 4270.8732 4270.502 4270.135 4269.7717 4269.4119 4269.0551 4268.7008 4268.3485 4267.9976 4267.6475 4267.2976 4266.9473 4266.596 4266.243 4265.8878 4265.5298 4265.1684 4264.8033
3720.0895 3586.7838 3773.735 4036.5811 4200.4445 4282.3733 4318.3232 4330.7625 4331.8735 4327.996 4322.3255 4316.3987 4310.8934 4306.0558 4301.9245 4298.4462 4295.5342 4293.0962 4291.0469 4289.3121 4287.8302 4286.5505 4285.4323 4284.4431 4283.557 4282.7535 4282.0162 4281.3322 4280.6914 4280.0856 4279.5085 4278.9549 4278.4208 4277.9033 4277.3998 4276.9085 4276.4279 4275.957 4275.4949 4275.0409 4274.5945 4274.1553 4273.7227 4273.2965 4272.8761 4272.4611 4272.0511 4271.6455 4271.2438 4270.8455 4270.4499 4270.0565 4269.6646 4269.2737 4268.883 4268.4921 4268.1003 4267.7072 4267.3121 4266.9146
4128.9783 4050.5804 4070.9857 4150.1996 4225.5824 4276.2833 4304.8434 4318.4706 4323.1841 4323.0159 4320.4248 4316.8225 4312.9756 4309.2712 4305.882 4302.8644 4300.2152 4297.9033 4295.8872 4294.1239 4292.5733 4291.1998 4289.9731 4288.8676 4287.8623 4286.9397 4286.0857 4285.2886 4284.5389 4283.8291 4283.1527 4282.5049 4281.8815 4281.2791 4280.6952 4280.1275 4279.5744 4279.0344 4278.5064 4277.9894 4277.4826 4276.9854 4276.4971 4276.017 4275.5447 4275.0795 4274.6208 4274.1682 4273.7209 4273.2783 4272.8399 4272.405 4271.9729 4271.5432 4271.115 4270.688 4270.2615 4269.8349 4269.4077 4268.9796
4459.1312 4293.6057 4240.1767 4244.3498 4268.059 4291.48 4308.1154 4317.7213 4321.9856 4322.7363 4321.4059 4318.9776 4316.0734 4313.062 4310.1464 4307.4268 4304.9425 4302.6982 4300.6809 4298.869 4297.2383 4295.7649 4294.4267 4293.2037 4292.0791 4291.0379 4290.0679 4289.1585 4288.301 4287.4881 4286.7136 4285.9726 4285.2607 4284.5744 4283.9109 4283.2678 4282.6429 4282.0347 4281.4417 4280.8627 4280.2967 4279.7426 4279.1997 4278.6671 4278.1442 4277.6302 4277.1244 4276.6262 4276.1348 4275.6497 4275.1701 4274.6954 4274.2249 4273.7581 4273.2942 4272.8327 4272.373 4271.9145 4271.4569 4270.9995
4673.176 4436.4666 4345.5866 4314.9507 4310.2521 4314.6734 4320.3819 4324.4561 4326.318 4326.2984 4324.9552 4322.802 4320.2295 4317.505 4314.7971 4312.203 4309.7725 4307.5248 4305.4611 4303.5722 4301.8438 4300.2596 4298.8032 4297.4591 4296.2131 4295.0526 4293.9664 4292.9452 4291.9804 4291.0652 4290.1935 4289.3601 4288.5606 4287.7914 4287.0493 4286.3316 4285.6361 4284.9607 4284.3037 4283.6637 4283.0394 4282.4296 4281.8333 4281.2495 4280.6773 4280.1159 4279.5645 4279.0222 4278.4884 4277.9622 4277.443 4276.9301 4276.4228 4275.9204 4275.4223 4274.9279 4274.4365 4273.9478 4273.461 4272.9758
4674.4316 4500.806 4410.0104 4366.1565 4346.7428 4339.15 4336.5061 4335.368 4334.2415 4332.6381 4330.5254 4328.0371 4325.3385 4322.5716 4319.8405 4317.213 4314.7284 4312.4048 4310.2463 4308.2483 4306.4011 4304.6925 4303.1094 4301.6388 4300.2683 4298.9867 4297.7838 4296.6506 4295.579 4294.5621 4293.5939 4292.6691 4291.7831 4290.932 4290.1123 4289.3211 4288.5558 4287.8143 4287.0944 4286.3946 4285.7132 4285.0489 4284.4004 4283.7667 4283.1465 4282.5391 4281.9434 4281.3585 4280.7836 4280.2179 4279.6607 4279.111 4278.5684 4278.032 4277.5011 4276.9752 4276.4537 4275.9359 4275.4214 4274.9096
4654.9591 4527.665 4448.9988 4402.859 4376.6913 4362.0229 4353.5548 4348.1766 4344.193 4340.7622 4337.5184 4334.339 4331.2115 4328.1635 4325.2296 4322.4376 4319.8051 4317.3394 4315.0402 4312.9016 4310.9143 4309.0671 4307.3479 4305.7448 4304.2463 4302.8417 4301.5211 4300.2757 4299.0976 4297.9798 4296.916 4295.9007 4294.9292 4293.9972 4293.1011 4292.2376 4291.4038 4290.5973 4289.8157 4289.0572 4288.32 4287.6024 4286.9031 4286.2207 4285.5539 4284.9018 4284.2632 4283.6371 4283.0226 4282.4188 4281.8249 4281.24 4280.6634 4280.0943 4279.5321 4278.9761 4278.4257 4277.8803 4277.3393 4276.8022
4645.4906 4542.4426 4474.2065 4429.6569 4400.9211 4382.3447 4370.041 4361.4698 4355.0544 4349.867 4345.3911 4341.3558 4337.6278 4334.146 4330.8841 4327.8299 4324.9756 4322.3136 4319.8346 4317.5277 4315.3809 4313.3819 4311.5179 4309.7767 4308.1467 4306.6172 4305.1781 4303.8205 4302.5364 4301.3183 4300.1598 4299.0553 4297.9995 4296.988 4296.0167 4295.0822 4294.1812 4293.311 4292.469 4291.6532 4290.8614 4290.0919 4289.343 4288.6133 4287.9013 4287.2058 4286.5256 4285.8597 4285.207 4284.5664 4283.9372 4283.3184 4282.7093 4282.109 4281.5167 4280.9319 4280.3539 4279.782 4279.2157 4278.6545
4637.6413 4551.7807 4491.8288 4449.9167 4420.6317 4400.0446 4385.3143 4374.4458 4366.0876 4359.3576 4353.6993 4348.7718 4344.3705 4340.3736 4336.7078 4333.3268 4330.1991 4327.3006 4324.6117 4322.1146 4319.7928 4317.6311 4315.615 4313.7311 4311.967 4310.3112 4308.7533 4307.2838 4305.8943 4304.5771 4303.3253 4302.1328 4300.9942 4299.9046 4298.8596 4297.8555 4296.8888 4295.9563 4295.0555 4294.1837 4293.3387 4292.5187 4291.7216 4290.9459 4290.19 4289.4526 4288.7323 4288.0279 4287.3383 4286.6624 4285.9992 4285.3478 4284.7074 4284.0771 4283.4561 4282.8438 4282.2393 4281.6422 4281.0517 4280.4674
4631.5191 4558.2281 4504.9283 4465.7843 4436.8794 4415.3744 4399.1615 4386.6882 4376.8361 4368.8206 4362.1041 4356.3256 4351.2459 4346.7065 4342.6016 4338.8589 4335.4267 4332.2663 4329.3475 4326.645 4324.1373 4321.8054 4319.6323 4317.6027 4315.7029 4313.9204 4312.244 4310.6635 4309.1699 4307.755 4306.4114 4305.1327 4303.9129 4302.7469 4301.63 4300.558 4299.5271 4298.534 4297.5758 4296.6496 4295.753 4294.8838 4294.04 4293.2198 4292.4215 4291.6435 4290.8844 4290.1429 4289.4177 4288.7078 4288.012 4287.3294 4286.659 4286 4285.3515 4284.7127 4284.0831 4283.4618 4282.8483 4282.2419
4626.6321 4563.0533 4515.1529 4478.5919 4450.4634 4428.6559 4411.5742 4398.0047 4387.0329 4377.9817 4370.3591 4363.8124 4358.0917 4353.0201 4348.472 4344.3567 4340.6073 4337.1731 4334.0142 4331.0984 4328.399 4325.893 4323.5607 4321.3844 4319.349 4317.4405 4315.6468 4313.9568 4312.3609 4310.8502 4309.4169 4308.0539 4306.755 4305.5146 4304.3276 4303.1896 4302.0964 4301.0445 4300.0305 4299.0515 4298.1049 4297.1882 4296.2993 4295.436 4294.5967 4293.7795 4292.9831 4292.2058 4291.4465 4290.7039 4289.9768 4289.2642 4288.565 4287.8785 4287.2037 4286.5397 4285.8859 4285.2416 4284.6061 4283.9788
4623.0708 4566.9998 4523.4558 4489.1749 4461.9535 4440.1814 4422.6255 4408.3249 4396.5309 4386.6664 4378.2921 4371.078 4364.778 4359.2092 4354.2358 4349.7557 4345.6914 4341.9829 4338.5827 4335.4525 4332.5607 4329.8807 4327.3896 4325.068 4322.8985 4320.8661 4318.9573 4317.1603 4315.4645 4313.8605 4312.3399 4310.8951 4309.5195 4308.2069 4306.9521 4305.7501 4304.5967 4303.4878 4302.42 4301.39 4300.3951 4299.4325 4298.5 4297.5953 4296.7164 4295.8616 4295.0292 4294.2177 4293.4255 4292.6515 4291.8944 4291.1531 4290.4265 4289.7136 4289.0136 4288.3256 4287.6488 4286.9825 4286.326 4285.6787
4620.8227 4570.456 4530.3846 4498.0532 4471.7408 4450.185 4432.4093 4417.6392 4405.2559 4394.7676 4385.7865 4378.0102 4371.2042 4365.188 4359.822 4354.9984 4350.6331 4346.6595 4343.0245 4339.6847 4336.6046 4333.7542 4331.108 4328.6444 4326.3443 4324.1913 4322.1708 4320.2701 4318.4776 4316.7834 4315.1785 4313.6548 4312.2051 4310.823 4309.5027 4308.2392 4307.0276 4305.8639 4304.7443 4303.6653 4302.6239 4301.6172 4300.6428 4299.6983 4298.7815 4297.8906 4297.0237 4296.1792 4295.3556 4294.5516 4293.7658 4292.997 4292.2441 4291.5062 4290.7822 4290.0712 4289.3725 4288.6852 4288.0087 4287.3424
4619.4809 4573.5125 4536.2167 4505.5355 4480.0831 4458.8404 4441.0137 4425.9648 4413.1751 4402.2225 4392.7654 4384.5293 4377.2952 4370.889 4365.1726 4360.0362 4355.3922 4351.1701 4347.3129 4343.7736 4340.5134 4337.4996 4334.7045 4332.1044 4329.6789 4327.4101 4325.2824 4323.282 4321.3969 4319.6162 4317.9304 4316.331 4314.8104 4313.3617 4311.9788 4310.6562 4309.389 4308.1728 4307.0035 4305.8776 4304.7916 4303.7427 4302.7282 4301.7455 4300.7924 4299.8669 4298.9671 4298.0912 4297.2376 4296.4049 4295.5916 4294.7967 4294.0188 4293.2569 4292.51 4291.7771 4291.0575 4290.3503 4289.6549 4288.9704
4618.5636 4576.0884 4541.0565 4511.7884 4487.1414 4466.27 4448.5115 4433.3287 4420.2793 4408.9972 4399.1805 4390.5811 4382.9963 4376.2611 4370.2414 4364.8287 4359.9343 4355.4859 4351.4241 4347.6994 4344.2708 4341.1036 4338.1681 4335.4391 4332.8948 4330.5162 4328.2868 4326.1919 4324.2188 4322.356 4320.5934 4318.9221 4317.3339 4315.8218 4314.3793 4313.0005 4311.6804 4310.4141 4309.1975 4308.0268 4306.8984 4305.8092 4304.7564 4303.7374 4302.7497 4301.7913 4300.86 4299.9541 4299.072 4298.2119 4297.3726 4296.5527 4295.751 4294.9663 4294.1977 4293.4441 4292.7046 4291.9785 4291.265 4290.5633
4617.6489 4578.036 4544.911 4516.8898 4493.0114 4472.5571 4454.9606 4439.7601 4426.5722 4415.0762 4405.0036 4396.1301 4388.2693 4381.2663 4374.9932 4369.3441 4364.2314 4359.5827 4355.3373 4351.4447 4347.8623 4344.5539 4341.4886 4338.6399 4335.985 4333.5039 4331.1793 4328.9958 4326.94 4324.9999 4323.1651 4321.4259 4319.7742 4318.2022 4316.7033 4315.2715 4313.9012 4312.5875 4311.3261 4310.1129 4308.9443 4307.817 4306.7279 4305.6743 4304.6538 4303.6641 4302.703 4301.7687 4300.8593 4299.9734 4299.1093 4298.2658 4297.4414 4296.6352 4295.8459 4295.0726 4294.3144 4293.5703 4292.8397 4292.1217
