Interpolasi.tif
NCOLS 645
NROWS 607
XLLCORNER 95.281025
YLLCORNER 5.5162043
DX 0.00014993143
DY 0.0001498306
NODATA_VALUE -9999
[rows 81 to 107 of 607, columns 480 to 539 of 645]
3722.168 3866.3378 3984.5574 4077.5371 4149.2816 4204.2269 4246.239 4278.4016 4303.0819 4322.0681 4336.704 4348.0004 4356.7202 4363.4422 4368.6076 4372.5549 4375.5449 4377.7798 4379.4165 4380.5775 4381.3587 4381.8351 4382.0657 4382.0966 4381.964 4381.6963 4381.3155 4380.8387 4380.279 4379.6463 4378.9483 4378.1902 4377.376 4376.5082 4375.5883 4374.6172 4373.5949 4372.5211 4371.3949 4370.2153 4368.981 4367.6905 4366.3423 4364.9348 4363.4662 4361.935 4360.3394 4358.6779 4356.949 4355.1511 4353.2829 4351.343 4349.3304 4347.2438 4345.0825 4342.8456 4340.5323 4338.1423 4335.6751 4333.1305
3738.0006 3885.3868 4003.4129 4094.7834 4164.4936 4217.4127 4257.574 4288.1094 4311.385 4329.169 4342.7805 4353.206 4361.1862 4367.2808 4371.9148 4375.4127 4378.0234 4379.939 4381.3077 4382.2448 4382.8398 4383.1622 4383.2662 4383.1939 4382.9781 4382.644 4382.211 4381.694 4381.104 4380.4493 4379.7359 4378.968 4378.1482 4377.2781 4376.3584 4375.389 4374.3695 4373.2988 4372.1756 4370.9984 4369.7654 4368.4748 4367.1249 4365.7135 4364.2388 4362.6989 4361.0918 4359.4159 4357.6694 4355.8505 4353.9579 4351.99 4349.9455 4347.8232 4345.6221 4343.3413 4340.98 4338.5376 4336.0137 4333.4079
3812.9168 3942.8659 4047.6907 4129.2026 4191.564 4238.9665 4274.936 4302.2407 4322.99 4338.7722 4350.7789 4359.9053 4366.8257 4372.0506 4375.9677 4378.873 4380.9932 4382.5025 4383.5351 4384.1944 4384.5604 4384.6949 4384.6454 4384.4486 4384.1325 4383.7184 4383.2224 4382.6566 4382.0295 4381.3475 4380.6146 4379.8334 4379.0054 4378.1311 4377.2099 4376.2412 4375.2235 4374.1552 4373.0344 4371.8591 4370.6271 4369.3361 4367.984 4366.5684 4365.0871 4363.538 4361.919 4360.228 4358.4631 4356.6224 4354.7044 4352.7073 4350.6297 4348.4703 4346.2279 4343.9015 4341.4902 4338.9933 4336.4103 4333.7408
3937.4387 4033.0193 4113.785 4178.4931 4228.9984 4267.8995 4297.657 4320.3335 4337.5699 4350.6402 4360.5226 4367.9639 4373.5344 4377.669 4380.7002 4382.8824 4384.4106 4385.4344 4386.0687 4386.4014 4386.5001 4386.4163 4386.1895 4385.8492 4385.4179 4384.9121 4384.344 4383.7221 4383.0523 4382.3385 4381.5826 4380.7857 4379.9477 4379.0675 4378.1439 4377.1749 4376.1585 4375.0922 4373.9735 4372.7999 4371.5686 4370.2771 4368.9226 4367.5025 4366.0144 4364.4558 4362.8242 4361.1176 4359.3336 4357.4704 4355.526 4353.4986 4351.3866 4349.1887 4346.9034 4344.5296 4342.0664 4339.5128 4336.8684 4334.1325
4088.7408 4142.9872 4194.2646 4238.2259 4274.0766 4302.4924 4324.6195 4341.6411 4354.6115 4364.4109 4371.749 4377.1872 4381.1645 4384.0219 4386.0225 4387.3694 4388.2182 4388.6882 4388.8708 4388.8351 4388.6336 4388.306 4387.8816 4387.3822 4386.8234 4386.2164 4385.5687 4384.8852 4384.1684 4383.4195 4382.6384 4381.824 4380.9745 4380.0877 4379.161 4378.1915 4377.1762 4376.1118 4374.9953 4373.8234 4372.5929 4371.3007 4369.9438 4368.5192 4367.024 4365.4555 4363.8111 4362.0883 4360.2847 4358.3981 4356.4264 4354.3676 4352.2201 4349.9822 4347.6524 4345.2295 4342.7123 4340.0999 4337.3916 4334.5868
4244.8688 4259.1224 4280.7617 4303.2401 4323.5665 4340.6792 4354.4715 4365.2562 4373.4901 4379.6426 4384.1383 4387.3378 4389.5366 4390.9709 4391.8267 4392.2484 4392.3476 4392.209 4391.8969 4391.4593 4390.9318 4390.3401 4389.7026 4389.032 4388.3366 4387.6215 4386.8891 4386.14 4385.3734 4384.5875 4383.7798 4382.947 4382.0857 4381.1921 4380.2623 4379.2924 4378.2783 4377.2162 4376.1021 4374.9321 4373.7026 4372.41 4371.0508 4369.6217 4368.1194 4366.5409 4364.8834 4363.144 4361.3201 4359.4094 4357.4096 4355.3185 4353.1341 4350.8548 4348.479 4346.0051 4343.432 4340.7586 4337.984 4335.1075
4391.3827 4371.087 4366.2959 4368.9369 4374.4488 4380.46 4385.8662 4390.2527 4393.5541 4395.8665 4397.3456 4398.1571 4398.4531 4398.363 4397.9923 4397.4242 4396.7226 4395.9354 4395.0977 4394.2343 4393.3622 4392.4925 4391.6314 4390.7819 4389.9442 4389.1167 4388.2967 4387.4802 4386.6627 4385.8392 4385.0046 4384.1536 4383.2808 4382.3808 4381.4486 4380.4789 4379.4668 4378.4075 4377.2964 4376.129 4374.901 4373.6084 4372.2472 4370.8137 4369.3043 4367.7158 4366.0449 4364.2885 4362.444 4360.5085 4358.4797 4356.3552 4354.1329 4351.8108 4349.3873 4346.8607 4344.2296 4341.4929 4338.6495 4335.6987
4520.4238 4472.5658 4446.2038 4432.0092 4424.4118 4420.2162 4417.6584 4415.8077 4414.202 4412.6348 4411.0321 4409.3849 4407.7114 4406.0389 4404.3933 4402.7961 4401.2626 4399.8026 4398.4207 4397.1176 4395.8909 4394.7358 4393.646 4392.6141 4391.632 4390.6912 4389.7832 4388.8995 4388.0315 4387.1713 4386.3109 4385.4428 4384.5596 4383.6546 4382.721 4381.7527 4380.7436 4379.6882 4378.581 4377.4169 4376.1912 4374.8991 4373.5364 4372.0989 4370.5827 4368.9841 4367.2997 4365.5262 4363.6605 4361.6997 4359.6411 4357.4822 4355.2208 4352.8546 4350.3818 4347.8007 4345.1096 4342.3073 4339.3926 4336.3647
4627.9317 4560.5642 4518.1864 4490.6743 4472.0751 4458.8807 4449.0225 4441.2805 4434.9341 4429.5555 4424.8884 4420.7753 4417.1156 4413.8414 4410.9032 4408.262 4405.8852 4403.744 4401.8123 4400.066 4398.4828 4397.042 4395.724 4394.5109 4393.3861 4392.334 4391.3402 4390.3915 4389.4755 4388.5808 4387.6968 4386.8136 4385.9222 4385.0139 4384.0809 4383.1156 4382.1111 4381.0609 4379.9589 4378.7993 4377.5766 4376.2859 4374.9223 4373.4813 4371.9585 4370.3501 4368.6522 4366.8614 4364.9741 4362.9874 4360.8983 4358.7042 4356.4024 4353.9908 4351.4672 4348.8297 4346.0766 4343.2065 4340.218 4337.11
4712.9604 4635.1063 4582.195 4544.6574 4517.0126 4495.9716 4479.4855 4466.2405 4455.3745 4446.3093 4438.6471 4432.1068 4426.4831 4421.621 4417.3997 4413.7224 4410.5093 4407.6939 4405.2192 4403.0365 4401.1035 4399.3833 4397.8433 4396.4549 4395.1929 4394.0345 4392.9597 4391.9504 4390.9904 4390.0649 4389.1608 4388.2658 4387.3689 4386.4601 4385.5299 4384.5697 4383.5718 4382.5286 4381.4332 4380.2794 4379.0611 4377.7727 4376.409 4374.9651 4373.4363 4371.8183 4370.107 4368.2987 4366.3896 4364.3765 4362.2563 4360.0259 4357.6828 4355.2244 4352.6484 4349.9527 4347.1356 4344.1953 4341.1303 4337.9396
4780.0205 4699.7117 4640.3767 4595.0399 4559.6284 4531.5138 4508.8839 4490.4465 4475.2643 4462.6482 4452.0848 4443.1849 4435.6481 4429.2385 4423.7674 4419.0822 4415.0573 4411.589 4408.5903 4405.9879 4403.72 4401.7335 4399.9831 4398.4298 4397.0396 4395.7832 4394.6346 4393.5711 4392.5728 4391.6217 4390.702 4389.7992 4388.9006 4387.9944 4387.07 4386.1177 4385.1286 4384.0944 4383.0076 4381.8612 4380.6486 4379.3637 4378.0009 4376.5548 4375.0205 4373.3933 4371.6689 4369.843 4367.9119 4365.872 4363.72 4361.4526 4359.067 4356.5604 4353.9305 4351.175 4348.2917 4345.2789 4342.1349 4338.8584
4841.3432 4761.6567 4696.7787 4643.9036 4600.8844 4565.8633 4537.2611 4513.7904 4494.4303 4478.3807 4465.0151 4453.8397 4444.4618 4436.5666 4429.8995 4424.2529 4419.4566 4415.3704 4411.8778 4408.882 4406.3017 4404.0685 4402.1246 4400.4208 4398.9152 4397.5716 4396.3587 4395.2495 4394.2202 4393.2498 4392.3201 4391.4146 4390.5185 4389.6189 4388.7038 4387.7623 4386.7848 4385.762 4384.6859 4383.5487 4382.3434 4381.0634 4379.7026 4378.2553 4376.7162 4375.0803 4373.3429 4371.4996 4369.5463 4367.4793 4365.2948 4362.9895 4360.5604 4358.0045 4355.3191 4352.5018 4349.5504 4346.4628 4343.2372 4339.8721
4915.6543 4830.8467 4756.3772 4693.6438 4641.8739 4599.4605 4564.7282 4536.2186 4512.7421 4493.3473 4477.2756 4463.9192 4452.7891 4443.4892 4435.698 4429.1534 4423.6408 4418.9843 4415.0388 4411.6844 4408.8215 4406.367 4404.2512 4402.4156 4400.8103 4399.3931 4398.1276 4396.9826 4395.9309 4394.9489 4394.0158 4393.1132 4392.2249 4391.3362 4390.4342 4389.5071 4388.5441 4387.5355 4386.4724 4385.3464 4384.1502 4382.8766 4381.5191 4380.0716 4378.5285 4376.8844 4375.1344 4373.2738 4371.2983 4369.2037 4366.9863 4364.6425 4362.1688 4359.5622 4356.8199 4353.9391 4350.9174 4347.7527 4344.4428 4340.9861
5024.0746 4916.8349 4823.1909 4745.9381 4683.2995 4632.5687 4591.3277 4557.6575 4530.0685 4507.3951 4488.7129 4473.2818 4460.5049 4449.8994 4441.0741 4433.711 4427.5512 4422.3838 4418.036 4414.366 4411.2568 4408.6117 4406.35 4404.4044 4402.718 4401.243 4399.9384 4398.7691 4397.7049 4396.7197 4395.7906 4394.8974 4394.0223 4393.1496 4392.265 4391.356 4390.4109 4389.4193 4388.3717 4387.2593 4386.074 4384.8084 4383.4556 4382.009 4380.4628 4378.8113 4377.0491 4375.1715 4373.1737 4371.0514 4368.8006 4366.4173 4363.8982 4361.2397 4358.4389 4355.4929 4352.3989 4349.1547 4345.7579 4342.2067
5182.3876 5023.2554 4897.5609 4800.6509 4725.0619 4665.1086 4616.9519 4577.9635 4546.2451 4520.3566 4499.1702 4481.7881 4467.4907 4455.6993 4445.9481 4437.8618 4431.1374 4425.5295 4420.8389 4416.9034 4413.5901 4410.7896 4408.4115 4406.3807 4404.6342 4403.1189 4401.79 4400.6091 4399.5434 4398.5643 4397.6471 4396.7702 4395.9144 4395.0629 4394.2004 4393.3134 4392.3898 4391.4183 4390.389 4389.2925 4388.1202 4386.8644 4385.5178 4384.0734 4382.5251 4380.8668 4379.0931 4377.1986 4375.1786 4373.0284 4370.7437 4368.3204 4365.7548 4363.0433 4360.1826 4357.1695 4354.0013 4350.6752 4347.1889 4343.5402
5379.4877 5139.1454 4973.8512 4855.5142 4766.3281 4696.7181 4641.3538 4596.9089 4561.0545 4532.0343 4508.4768 4489.2968 4473.6325 4460.7987 4450.2502 4441.5526 4434.3589 4428.3911 4423.4253 4419.2806 4415.8098 4412.8929 4410.4308 4408.3417 4406.5575 4405.021 4403.6838 4402.5049 4401.449 4400.4859 4399.5892 4398.7359 4397.9057 4397.0808 4396.2452 4395.3846 4394.4861 4393.5381 4392.5298 4391.4517 4390.2947 4389.0506 4387.7117 4386.2709 4384.7215 4383.0573 4381.2726 4379.3617 4377.3195 4375.1413 4372.8223 4370.3584 4367.7455 4364.9797 4362.0576 4358.9758 4355.7312 4352.321 4348.7425 4344.9933
5542.3276 5235.8636 5042.7614 4907.9288 4806.3798 4727.0576 4664.2228 4614.1839 4574.2137 4542.1898 4516.4429 4495.6622 4478.8214 4465.1177 4453.9224 4444.7419 4437.1869 4430.9488 4425.7819 4421.4891 4417.9113 4414.9194 4412.4075 4410.2887 4408.4904 4406.9524 4405.6235 4404.4604 4403.4264 4402.4893 4401.6218 4400.7996 4400.0016 4399.209 4398.4052 4397.5753 4396.7057 4395.7844 4394.8003 4393.7431 4392.6036 4391.3731 4390.0436 4388.6078 4387.0585 4385.3894 4383.5942 4381.6673 4379.6032 4377.3968 4375.0433 4372.5382 4369.877 4367.0559 4364.071 4360.9188 4357.5959 4354.0992 4350.4259 4346.5732
5578.4046 5293.4487 5102.6144 4959.0634 4845.8587 4756.086 4685.1978 4629.3652 4585.3514 4550.5346 4522.8583 4500.7372 4482.9575 4468.5903 4456.9226 4447.4039 4439.6063 4433.1951 4427.9062 4423.5296 4419.8972 4416.8732 4414.3467 4412.227 4410.4387 4408.919 4407.615 4406.482 4405.4816 4404.5808 4403.7511 4402.9676 4402.2082 4401.4537 4400.6867 4399.8918 4399.0551 4398.164 4397.2069 4396.1733 4395.0536 4393.8387 4392.5205 4391.091 4389.5431 4387.8699 4386.0651 4384.1227 4382.0369 4379.8023 4377.414 4374.867 4372.1569 4369.2794 4366.2303 4363.006 4359.6028 4356.0173 4352.2465 4348.2875
5542.5117 5347.5636 5172.3314 5016.6096 4886.8495 4783.7385 4703.6397 4641.8102 4593.9723 4556.7261 4527.5002 4504.3834 4485.9589 4471.1715 4459.2291 4449.5313 4441.6188 4435.1365 4429.8073 4425.4126 4421.7785 4418.765 4416.2587 4414.1665 4412.4116 4410.9298 4409.6671 4408.5777 4407.6226 4406.7681 4405.9848 4405.2473 4404.533 4403.8221 4403.0969 4402.3414 4401.5413 4400.6837 4399.7567 4398.7494 4397.6518 4396.4546 4395.1493 4393.7277 4392.1824 4390.5063 4388.6926 4386.7352 4384.628 4382.3653 4379.9419 4377.3527 4374.5929 4371.6578 4368.5433 4365.2453 4361.7598 4358.0833 4354.2124 4350.1439
5631.6165 5490.2951 5286.8037 5089.7833 4929.935 4808.616 4718.1516 4650.52 4599.4416 4560.3863 4530.1558 4506.4902 4487.7763 4472.8475 4460.8478 4451.1405 4443.2453 4436.7956 4431.5074 4427.159 4423.5742 4420.6124 4418.1594 4416.1217 4414.4224 4412.9968 4411.7907 4410.758 4409.8592 4409.0603 4408.3315 4407.6471 4406.984 4406.3222 4405.6434 4404.9315 4404.1719 4403.3511 4402.4571 4401.4787 4400.4056 4399.2282 4397.9377 4396.5256 4394.9842 4393.3062 4391.4845 4389.5127 4387.3844 4385.0937 4382.6351 4380.0032 4377.193 4374.1995 4371.0182 4367.6448 4364.0752 4360.3054 4356.3318 4352.151
6021.0384 5803.9003 5460.4047 5173.2335 4968.5789 4826.3716 4726.2391 4654.1428 4601.0537 4561.165 4530.6686 4507.005 4488.4117 4473.6474 4461.82 4452.2761 4444.5296 4438.2126 4433.0429 4428.8007 4425.3126 4422.4398 4420.0701 4418.1114 4416.4876 4415.1348 4413.9993 4413.035 4412.2026 4411.4679 4410.8012 4410.1764 4409.5703 4408.9626 4408.3349 4407.6707 4406.955 4406.1744 4405.3163 4404.3695 4403.3231 4402.1676 4400.8936 4399.4926 4397.9566 4396.2777 4394.4489 4392.4633 4390.3144 4387.996 4385.5021 4382.8271 4379.9658 4376.9129 4373.6637 4370.2134 4366.5577 4362.6925 4358.6136 4354.3174
6598.5425 6176.344 5617.4069 5229.874 4986.4729 4829.9385 4724.8079 4651.3229 4598.238 4558.8562 4529.0032 4505.9708 4487.9406 4473.6565 4462.2291 4453.015 4445.5397 4439.4468 4434.4644 4430.381 4427.0302 4424.2784 4422.0175 4420.1585 4418.6272 4417.3615 4416.3084 4415.4228 4414.6656 4414.0029 4413.4049 4412.8456 4412.3019 4411.753 4411.1805 4410.5677 4409.8995 4409.162 4408.3427 4407.4299 4406.4127 4405.281 4404.0255 4402.6372 4401.1078 4399.4294 4397.5944 4395.5958 4393.4268 4391.0807 4388.5516 4385.8333 4382.9203 4379.8072 4376.4888 4372.9602 4369.2166 4365.2537 4361.067 4356.6526
6606.15 6174.2274 5601.5204 5208.8905 4966.6153 4813.3597 4711.7466 4641.3744 4590.8599 4553.5389 4525.3153 4503.5615 4486.5305 4473.0259 4462.2068 4453.4692 4446.3697 4440.5765 4435.8367 4431.9536 4428.7716 4426.1654 4424.033 4422.2895 4420.8641 4419.6966 4418.7357 4417.9371 4417.2624 4416.6781 4416.1547 4415.6661 4415.1893 4414.7034 4414.19 4413.6321 4413.0145 4412.3232 4411.5453 4410.6689 4409.683 4408.5773 4407.342 4405.9681 4404.4468 4402.77 4400.93 4398.9192 4396.7305 4394.3572 4391.7928 4389.0311 4386.066 4382.8918 4379.5032 4375.8948 4372.0616 4367.9988 4363.7018 4359.1663
5985.9997 5756.3858 5394.437 5104.3876 4907.6859 4776.7763 4687.5926 4624.8863 4579.4578 4545.678 4519.9968 4500.104 4484.452 4471.9779 4461.9348 4453.7864 4447.1391 4441.6983 4437.238 4433.5817 4430.5884 4428.1433 4426.1516 4424.5341 4423.2234 4422.1619 4421.3001 4420.5948 4420.0083 4419.5075 4419.0634 4418.6499 4418.2439 4417.8248 4417.3737 4416.8739 4416.3098 4415.6674 4414.9334 4414.0959 4413.1435 4412.0657 4410.8525 4409.4945 4407.9829 4406.309 4404.4649 4402.4428 4400.2352 4397.8351 4395.2357 4392.4303 4389.4127 4386.1768 4382.7168 4379.0273 4375.1027 4370.938 4366.5283 4361.8689
5415.9603 5319.4029 5137.7597 4962.5465 4826.2179 4727.0892 4655.7328 4603.7816 4565.2591 4536.1265 4513.6759 4496.0772 4482.0773 4470.8047 4461.643 4454.1476 4447.9908 4442.9248 4438.7576 4435.3366 4432.5377 4430.2583 4428.4116 4426.9241 4425.7321 4424.7807 4424.022 4423.4139 4422.9194 4422.506 4422.1446 4421.8096 4421.4777 4421.1284 4420.7427 4420.3037 4419.7957 4419.2046 4418.5169 4417.7204 4416.8036 4415.7557 4414.5664 4413.2261 4411.7256 4410.0561 4408.2091 4406.1766 4403.9509 4401.5245 4398.8902 4396.0412 4392.9707 4389.6725 4386.1404 4382.3683 4378.3508 4374.0822 4369.5573 4364.7711
5050.149 5010.9152 4924.5924 4827.7718 4742.1209 4673.6348 4620.9509 4580.7733 4549.958 4526.03 4507.1728 4492.0907 4479.8688 4469.8604 4461.6037 4454.7628 4449.0865 4444.3812 4440.4926 4437.2943 4434.6801 4432.5591 4430.8527 4429.4924 4428.4182 4427.577 4426.9224 4426.4131 4426.0127 4425.6889 4425.4127 4425.1586 4424.9033 4424.6261 4424.3082 4423.9324 4423.4829 4422.9452 4422.306 4421.5527 4420.6735 4419.6574 4418.4938 4417.1729 4415.6851 4414.0213 4412.1727 4410.131 4407.888 4405.4359 4402.7672 4399.8746 4396.7512 4393.3901 4389.7849 4385.9292 4381.8171 4377.4426 4372.8002 4367.8845
4823.6221 4809.3602 4769.2548 4718.1522 4667.7855 4623.8452 4587.6908 4558.6439 4535.4044 4516.687 4501.4357 4488.853 4478.3616 4469.5503 4462.1237 4455.8635 4450.6013 4446.2003 4442.5446 4439.5334 4437.0769 4435.0948 4433.5148 4432.2724 4431.3097 4430.5751 4430.0227 4429.6116 4429.3055 4429.072 4428.8823 4428.7105 4428.5335 4428.3304 4428.0821 4427.7713 4427.3823 4426.9001 4426.3113 4425.6031 4424.7635 4423.7811 4422.6452 4421.3454 4419.872 4418.2154 4416.3666 4414.3168 4412.0575 4409.5805 4406.8779 4403.942 4400.7655 4397.3412 4393.6622 4389.7218 4385.5136 4381.0313 4376.2691 4371.2211
