Interpolasi.tif
NCOLS 645
NROWS 607
XLLCORNER 95.281025
YLLCORNER 5.5162043
DX 0.00014993143
DY 0.0001498306
NODATA_VALUE -9999
[rows 324 to 350 of 607, columns 0 to 59 of 645]
4999.6682 5011.7399 5024.0655 5036.6363 5049.4414 5062.4666 5075.6944 5089.1037 5102.6691 5116.3609 5130.1451 5143.9835 5157.8342 5171.6529 5185.3938 5199.0124 5212.4678 5225.7251 5238.7583 5251.552 5264.1016 5276.4134 5288.5042 5300.4009 5312.1434 5323.789 5335.4195 5347.1492 5359.1328 5371.5726 5384.7244 5398.9027 5414.487 5431.9291 5451.7649 5474.6313 5501.2917 5532.6711 5569.9052 5614.4086 5667.9675 5732.8679 5812.0713 5909.4516 6030.1014 6180.6781 6369.6438 6606.8963 6901.3237 7252.4673 7628.3566 7925.4741 7966.9805 7735.5276 7741.466 8039.5362 8134.4235 7877.2706 8440.5737 7626.871
5009.0366 5021.6467 5034.54 5047.7088 5061.1423 5074.8263 5088.743 5102.8698 5117.1795 5131.6393 5146.2111 5160.8513 5175.5113 5190.1388 5204.6797 5219.0808 5233.2936 5247.2779 5261.0051 5274.46 5287.6402 5300.5531 5313.2119 5325.6336 5337.8404 5349.8673 5361.7724 5373.6502 5385.6428 5397.9496 5410.8334 5424.6248 5439.7262 5456.6178 5475.868 5498.1511 5524.2737 5555.2149 5592.1821 5636.6905 5690.6729 5756.6369 5837.8881 5938.8525 6065.5328 6226.129 6431.7641 6696.9227 7038.0881 7465.7725 7957.3482 8386.4948 8519.3299 7982.4355 7891.5291 8431.5429 8201.9645 7821.8463 7475.3031 7112.0886
5018.4457 5031.6161 5045.102 5058.8966 5072.9897 5087.3675 5102.0115 5116.8983 5131.9984 5147.2758 5162.6876 5178.1838 5193.7075 5209.1965 5224.5861 5239.8125 5254.8185 5269.5593 5284.0081 5298.1576 5312.0178 5325.6068 5338.9398 5352.0208 5364.8436 5377.4026 5389.7132 5401.8323 5413.8774 5426.0378 5438.5815 5451.8557 5466.2878 5482.3863 5500.7489 5522.0776 5547.2061 5577.1414 5613.1237 5656.7113 5709.8989 5775.2856 5856.3176 5957.6428 6085.627 6249.0827 6460.18 6735.1415 7092.9374 7545.91 8066.1758 8516.6214 8335.2904 7942.4185 7663.8839 7626.9122 7497.9022 7263.7515 6986.7528 6740.6732
5027.8773 5041.6296 5055.7326 5070.1808 5084.9648 5100.0713 5115.4816 5131.1713 5147.1086 5163.2538 5179.5583 5195.9639 5212.4032 5228.801 5245.0778 5261.1552 5276.9645 5292.4573 5307.6151 5322.4539 5337.0177 5351.3584 5365.507 5379.4524 5393.1387 5406.4878 5419.4372 5431.9783 5444.1852 5456.2301 5468.3865 5481.0246 5494.6033 5509.6652 5526.8369 5546.8412 5570.522 5598.8869 5633.1676 5674.9052 5726.0659 5789.2025 5867.6809 5966.0072 6090.2912 6248.877 6453.0714 6717.4959 7058.2024 7483.1394 7966.7579 8390.7761 8209.2174 7795.0718 7462.3134 7251.0624 7079.8331 6893.1743 6700.7152 6533.6916
5037.3112 5051.6663 5066.4104 5081.5395 5097.0453 5112.9153 5129.1308 5145.6663 5162.4878 5179.551 5196.8002 5214.1668 5231.5692 5248.9137 5266.0987 5283.0229 5299.5991 5315.7726 5331.5431 5346.9769 5362.1978 5377.3431 5392.4951 5407.6247 5422.5844 5437.1596 5451.1468 5464.4251 5477.0004 5489.0216 5500.7757 5512.6707 5525.2147 5538.9975 5554.6814 5573.0063 5594.812 5621.0795 5652.9924 5692.0183 5740.0152 5799.3698 5873.183 5965.5217 6081.7503 6228.9316 6416.1875 6654.6169 6955.6109 7325.2372 7755.042 8205.072 8104.338 7658.8953 7294.0765 7037.7839 6842.68 6672.23 6519.6194 6396.7912
5046.7249 5061.7029 5077.1114 5092.9479 5109.2058 5125.8735 5142.9326 5160.3568 5178.1091 5196.1401 5214.3852 5232.762 5251.1688 5269.4849 5287.574 5305.2954 5322.5248 5339.1891 5355.3125 5371.0568 5386.7194 5402.6435 5419.0493 5435.8859 5452.8187 5469.3619 5485.0547 5499.5913 5512.8797 5525.0478 5536.4185 5547.47 5558.7928 5571.0517 5584.9612 5601.2807 5620.8333 5644.548 5673.5233 5709.1067 5752.9884 5807.3097 5874.7932 5958.9028 6064.0241 6195.6223 6360.2531 6565.2053 6817.5917 7124.1202 7503.1338 8107.464 8329.9731 7533.9572 7142.0289 6890.048 6696.6678 6535.5647 6401.084 6298.6542
5056.0938 5071.714 5087.8089 5104.3784 5121.4177 5138.9165 5156.857 5175.212 5193.9415 5212.9899 5232.2813 5251.7152 5271.1623 5290.4612 5309.4202 5327.8282 5345.4833 5362.2517 5378.1652 5393.5411 5409.039 5425.4986 5443.5052 5462.9685 5483.1216 5502.9124 5521.4135 5538.0353 5552.5683 5565.1459 5576.1774 5586.272 5596.1623 5606.6373 5618.495 5632.5243 5649.5201 5670.332 5695.937 5727.5254 5766.5856 5814.9813 5875.0259 5949.5575 6042.0056 6156.3886 6297.1115 6468.4073 6673.512 6914.8962 7200.2248 7529.5816 7588.9118 7278.3085 7013.0733 6798.1179 6612.119 6453.2427 6323.5886 6227.3688
5065.3915 5081.6717 5098.474 5115.8007 5133.6495 5152.0116 5170.8703 5190.1976 5209.9506 5230.0662 5250.4551 5270.9937 5291.5147 5311.7985 5331.5665 5350.4847 5368.1928 5384.3865 5399.0013 5412.5297 5426.3448 5442.5239 5462.6655 5486.5441 5512.2561 5537.5197 5560.6104 5580.5727 5597.1136 5610.4521 5621.1831 5630.1518 5638.3326 5646.7205 5656.2502 5667.7588 5681.999 5699.7029 5721.6815 5748.9338 5782.7357 5824.69 5876.7397 5941.1715 6020.6305 6118.1052 6236.74 6379.2767 6547.0037 6738.0521 6942.739 7125.5233 7211.3055 7165.2677 7006.0261 6792.9813 6587.5461 6413.9111 6276.937 6177.1759
5074.5897 5091.5463 5109.0754 5127.1822 5145.867 5165.1234 5184.936 5205.2766 5226.0993 5247.3336 5268.8744 5290.5702 5312.2055 5333.4809 5353.99 5373.1999 5390.4538 5405.0421 5416.4655 5425.1255 5433.5742 5447.0897 5470.4044 5502.6195 5538.4479 5572.9852 5603.4055 5628.4953 5648.0533 5662.5544 5672.9482 5680.4846 5686.5382 5692.4408 5699.35 5708.1809 5719.6184 5734.2128 5752.5349 5775.3457 5803.7189 5839.0655 5883.0614 5937.5505 6004.5442 6086.3724 6185.8416 6306.1205 6450.2839 6620.9913 6821.5183 7060.9756 7346.6379 7499.2228 7249.214 6900.9526 6619.9676 6409.2056 6254.7944 6145.8026
5083.6582 5101.3061 5119.5799 5138.4879 5158.0337 5178.2138 5199.0148 5220.4091 5242.3488 5264.756 5287.5099 5310.4276 5333.2372 5355.5399 5376.7591 5396.0741 5412.3462 5424.075 5429.5518 5427.8281 5422.1789 5425.9921 5455.3364 5505.4513 5560.1043 5609.8619 5651.4136 5683.9374 5707.7085 5723.7247 5733.5368 5739.0518 5742.2888 5745.123 5749.0724 5755.1759 5764.0011 5775.793 5790.7379 5809.2663 5832.275 5861.1417 5897.491 5942.8464 5998.5195 6066.0951 6148.4232 6250.4507 6379.704 6548.2065 6780.602 7139.2042 7769.9969 8414.0507 7669.2156 7064.7363 6681.349 6424.5019 6250.6758 6133.4008
5092.5654 5110.9178 5129.9524 5149.6812 5170.1113 5191.2427 5213.0652 5235.5531 5258.658 5282.2969 5306.3348 5330.5589 5354.6383 5378.0652 5400.0648 5419.4602 5434.4687 5442.4012 5439.2804 5419.8971 5382.4867 5354.9247 5400.9786 5491.7315 5578.5784 5650.7933 5707.8381 5750.4004 5779.6153 5797.269 5805.8213 5808.1971 5807.4331 5806.2758 5806.8269 5810.3248 5817.1279 5826.9406 5839.2663 5853.9874 5871.8463 5894.531 5924.1483 5962.2071 6008.8587 6063.7168 6128.7669 6211.1897 6323.8222 6486.0278 6730.5902 7117.9934 7730.1631 8405.5124 7758.6163 7160.4651 6727.869 6440.5208 6258.2398 6142.7
5101.2779 5120.3466 5140.1566 5160.7238 5182.0597 5204.1684 5227.044 5250.6646 5274.9839 5299.9176 5325.3224 5350.962 5376.4556 5401.1945 5424.211 5443.9681 5458.0154 5462.4133 5450.7166 5412.1556 5331.395 5227.7592 5323.1714 5476.756 5602.5121 5701.7711 5778.1866 5833.4167 5869.159 5888.0722 5893.8865 5891.0668 5884.2438 5877.5616 5874.0818 5875.3816 5881.4622 5891.0532 5902.3634 5914.1946 5927.0585 5943.6457 5967.9513 6002.7491 6046.3171 6092.242 6137.3093 6191.4128 6275.4475 6413.7184 6634.6094 6970.1274 7421.5922 8069.9948 7845.5617 7182.8726 6728.9624 6441.8404 6275.63 6181.4639
5109.7614 5129.5564 5150.1547 5171.5766 5193.838 5216.9481 5240.9065 5265.6972 5291.2799 5317.575 5344.4397 5371.6291 5398.7333 5425.075 5449.5439 5470.3254 5484.4641 5487.187 5470.9781 5424.8706 5337.1584 5224.5302 5330.1455 5493.8163 5644.3154 5771.162 5870.6586 5941.4644 5984.5887 6003.4967 6003.7009 5992.0052 5975.5421 5960.7146 5952.1899 5952.1673 5960.0989 5973.0002 5986.5664 5997.2368 6004.7557 6013.9633 6034.1287 6074.1594 6132.0716 6184.0495 6203.1957 6205.7154 6237.1822 6329.7943 6502.4953 6771.792 7141.1552 7447.9275 7383.2028 7055.8664 6657.9199 6425.7776 6312.9026 6267.4501
5117.98 5138.5101 5159.9084 5182.1997 5205.4048 5229.5386 5254.6073 5280.6032 5307.4961 5335.2185 5363.641 5392.5306 5421.4822 5449.8052 5476.3372 5499.1399 5515.0219 5518.8727 5503.0878 5458.5375 5380.7117 5280.0495 5356.3052 5529.2576 5706.5633 5867.4604 5996.9946 6087.7189 6138.8497 6154.9537 6144.2813 6117.2499 6084.9214 6057.3797 6042.0272 6042.2614 6056.855 6080.0077 6102.6147 6115.7946 6116.4746 6112.7819 6125.8886 6185.3142 6308.3928 6432.4707 6410.6421 6287.6882 6217.78 6241.3941 6350.5795 6537.5405 6786.0083 7006.1457 7002.3373 6761.6999 6528.8839 6416.8646 6402.6401 6436.4595
5125.8966 5147.1694 5169.3784 5192.553 5216.7191 5241.8974 5268.1017 5295.3342 5323.579 5352.7887 5382.8614 5413.601 5444.6495 5475.3734 5504.6763 5530.69 5550.2853 5558.353 5546.954 5504.7515 5417.1431 5293.5039 5342.7516 5555.4103 5787.0709 6001.6153 6176.0737 6293.9335 6353.0321 6360.6834 6329.751 6276.2338 6217.2142 6168.8572 6143.3241 6146.2716 6176.0108 6222.7485 6268.6713 6293.2148 6284.4429 6252.622 6240.2627 6324.6778 6626.6535 7122.512 6992.9036 6472.1092 6214.3067 6152.4156 6196.3732 6303.634 6439.6018 6545.4117 6549.5091 6469.7487 6415.4731 6467.5158 6617.9905 6763.8093
5133.4724 5155.4946 5178.5246 5202.5965 5227.7409 5253.9842 5281.3475 5309.844 5339.4747 5370.2188 5402.0157 5434.7311 5468.0979 5501.6147 5534.3766 5564.7959 5590.1413 5605.782 5603.9396 5571.5605 5487.0073 5326.2494 5271.5449 5579.8738 5887.8539 6193.1792 6444.2815 6598.3717 6662.7694 6650.4156 6582.9103 6484.2033 6379.5912 6295.7295 6253.5826 6262.3481 6320.8797 6415.7074 6514.4383 6572.3123 6554.8048 6462.3249 6370.6575 6424.357 6903.5284 8249.579 7855.4482 6618.2794 6181.0282 6055.1057 6051.1382 6104.2712 6178.3275 6240.5435 6270.7475 6285.3515 6355.904 6617.6468 7116.2407 7446.8403
5140.6667 5163.4446 5187.3063 5212.2904 5238.432 5265.7622 5294.3081 5324.0927 5355.1341 5387.4414 5421.0047 5455.772 5491.6051 5528.2001 5564.9552 5600.7548 5633.6141 5660.0715 5674.1004 5665.2058 5616.3405 5512.7141 5437.0044 5497.5346 5986.5815 6476.9107 6894.7259 7064.7566 7132.3385 7070.5077 6941.0232 6768.2092 6584.3935 6436.969 6366.6717 6383.868 6489.1865 6673.2807 6881.6819 7018.9563 7022.2629 6809.3545 6523.2491 6419.7688 6671.0943 7315.6324 7124.1098 6408.7494 6062.5851 5938.2497 5915.2607 5943.265 5998.7148 6075.2552 6185.9608 6241.5608 6305.0603 6737.458 7982.9902 8108.8267
5147.4361 5170.9757 5195.6808 5221.5947 5248.7563 5277.1997 5306.9556 5338.053 5370.5227 5404.4015 5439.732 5476.5558 5514.8882 5554.668 5595.6703 5637.3746 5678.7769 5718.1154 5752.4422 5777.0431 5785.2928 5767.161 5638.749 5615.2989 5933.9062 6864.5768 7894.9806 7695.4001 7912.7783 7674.4238 7458.1568 7187.9673 6855.2939 6585.0886 6472.2351 6498.7156 6661.6361 6990.0818 7407.7812 7667.2166 7859.3424 7384.9468 6680.6137 6351.3664 6301.8391 6374.1511 6289.1833 6059.9158 5887.1606 5804.5985 5785.0855 5807.2259 5863.4712 5970.7309 6207.5973 6305.1429 6205.9831 6499.9085 7149.1987 7270.5348
5153.7335 5178.0406 5203.6024 5230.4676 5258.6787 5288.2712 5319.2748 5351.7176 5385.6341 5421.0771 5458.1329 5496.9328 5537.6537 5580.4967 5625.6385 5673.1705 5723.0688 5775.2853 5830.087 5888.8184 5955.2772 6036.7459 6146.2593 6205.3391 5767.9304 7065.5946 8119.7587 7848.862 8245.2713 8462.5436 7972.6429 7979.0949 7187.2503 6704.9033 6561.6227 6605.4101 6788.5462 7270.9027 8037.411 8489.9417 8303.7265 7598.1457 6668.6853 6226.4824 6042.0752 5964.7845 5888.8168 5791.9335 5710.5635 5666.0605 5658.1136 5682.0911 5738.6427 5838.0491 5979.9505 6052.0465 6051.3659 6148.0693 6330.6816 6391.2956
5159.5065 5184.5861 5211.0197 5238.8633 5268.1635 5298.956 5331.265 5365.108 5400.5064 5437.5074 5476.2149 5516.8275 5559.6708 5605.2053 5654.0001 5706.6857 5763.9751 5826.9689 5898.1228 5983.2914 6095.217 6260.7619 6546.6141 7211.186 8428.0083 7299.0911 7266.7999 7350.4848 7499.2639 7707.3183 7831.3465 8178.6726 7213.2836 6721.9473 6651.6329 6810.8387 6872.7755 7157.9716 8278.2182 8076.3925 7512.5524 6953.7096 6377.2936 6007.2486 5813.2295 5711.3367 5643.7138 5588.7323 5548.6104 5529.2387 5532.7652 5560.2886 5616.0561 5711.0255 5868.3132 6089.9282 6015.0618 5908.6039 5910.1134 5899.3855
5164.6957 5190.5505 5217.8719 5246.7265 5277.1683 5309.2338 5342.9387 5378.2786 5415.2399 5453.8275 5494.1149 5536.3162 5580.8652 5628.4657 5680.0722 5736.779 5799.6871 5870.0531 5950.5368 6048.6845 6182.2287 6383.7668 6712.0694 7296.94 8247.8178 7410.7595 7088.3529 7040.9731 7070.2657 7126.8518 7190.538 7158.1318 6846.8682 6629.0031 6753.0107 7533.479 7503.7954 6135.3809 6541.6885 6929.3243 6704.8129 6313.9747 5938.4356 5689.6854 5557.688 5484.8761 5438.6639 5409.2174 5394.3313 5393.3808 5407.0285 5438.0266 5492.9921 5590.3224 5799.7584 6254.9739 6029.279 5740.0742 5655.9928 5606.3369
5169.2328 5195.8606 5224.0839 5253.9861 5285.6351 5319.0742 5354.3121 5391.3149 5430.0092 5470.3073 5512.1724 5555.7359 5601.4517 5650.2298 5703.4454 5762.7102 5829.3359 5903.6425 5985.4916 6080.0964 6209.8552 6411.1651 6706.024 7071.4846 7104.0576 7050.895 7014.2214 6906.359 6840.3355 6802.3882 6763.7614 6682.1693 6550.5557 6475.7968 6640.6415 7397.6639 7109.2787 3469.8942 4315.7025 5840.7134 5955.2827 5661.8342 5346.1473 5244.9703 5250.4125 5242.5692 5226.8097 5224.5123 5236.0071 5254.2165 5278.0585 5312.0024 5363.1185 5443.1216 5573.4202 5721.0656 5673.0622 5544.7265 5466.6764 5408.2465
5173.0388 5200.4281 5229.5604 5260.5449 5293.4756 5328.4165 5365.3819 5404.3129 5445.0591 5487.3822 5531.019 5575.8435 5622.144 5670.9328 5724.0769 5783.9796 5852.5107 5928.5974 6005.047 6076.2099 6175.5253 6375.505 6659.496 6948.3996 7054.5827 7427.5614 7094.7677 6881.4667 6733.8296 6627.2607 6537.146 6444.5603 6352.1179 6295.0452 6319.223 6363.4536 5884.4281 4617.7535 4769.5565 5435.3148 5421.3186 4888.1167 4245.1523 4557.7274 4896.8371 4963.6315 4964.5412 5002.8424 5060.6988 5106.8924 5142.0179 5178.6458 5226.2997 5287.9243 5358.3587 5411.2725 5409.1271 5367.1501 5317.3494 5264.6798
5176.0236 5204.1472 5234.1797 5266.269 5300.5528 5337.1405 5376.0829 5417.3268 5460.6578 5505.6478 5551.6628 5598.0349 5644.508 5691.9052 5742.609 5800.2459 5868.144 5945.2559 6014.2548 6045.4074 6077.4328 6313.8025 6628.2877 7021.535 7657.2332 7733.5775 7259.575 6925.3279 6699.248 6538.3979 6412.7493 6305.0517 6211.0451 6135.9992 6076.6262 5980.726 5744.0703 5429.364 5341.0806 5356.8567 5121.389 4235.0191 2648.5509 3907.9291 4604.6084 4598.2104 4524.0364 4682.2507 4858.5816 4949.0509 4991.5618 5028.7125 5080.4383 5142.9065 5202.7241 5245.8415 5261.4797 5248.3171 5212.6041 5162.8607
5178.0862 5206.8938 5237.7908 5270.9777 5306.6593 5345.0267 5386.2211 5430.2685 5476.9702 5525.7471 5575.4875 5624.5809 5671.4958 5716.1264 5761.2073 5812.1264 5874.4306 5949.0385 6016.6341 6030.1497 6090.7126 6297.6581 6600.707 7005.5455 7646.6787 8421.7081 7499.6568 7001.175 6701.0492 6495.8016 6341.0366 6215.5597 6109.619 6018.0889 5931.8816 5830.6915 5696.5272 5552.6883 5441.6133 5323.3375 5076.5187 4538.0853 3942.8468 4282.9352 4478.7865 4000.4877 3458.2591 4201.493 4654.5756 4784.4536 4804.4479 4829.3151 4905.8937 5002.6658 5087.32 5154.3076 5200.9536 5207.747 5164.6107 5099.6684
5179.1182 5208.5282 5240.2137 5274.4401 5311.503 5351.7176 5395.3906 5442.7504 5493.7989 5548.0261 5603.9501 5658.6477 5708.0424 5749.29 5784.8025 5822.99 5872.764 5936.4686 6001.9063 6052.523 6139.3237 6307.7399 6567.5123 6950.142 7549.5837 8161.7782 7650.3464 7061.3572 6714.6005 6477.2359 6298.2807 6155.3518 6036.3993 5933.4212 5838.5093 5742.6898 5640.5134 5535.4127 5430.1543 5308.005 5135.844 4902.9707 4710.2145 4657.542 4499.0214 3760.1172 2871.7628 4022.6946 4545.6176 4615.9455 4504.0839 4458.2492 4647.8634 4854.8796 4999.1008 5123.2876 5267.2954 5333.7488 5206.2534 5071.2706
5179.0104 5208.9037 5241.2488 5276.383 5314.7083 5356.7 5402.9047 5453.9038 5510.1864 5571.797 5637.512 5703.3111 5760.9362 5800.5826 5821.7077 5839.2054 5869.7887 5918.3722 5979.0667 6048.3677 6143.6215 6289.851 6507.5101 6830.0568 7336.3218 8040.7651 7595.1037 7092.8757 6736.8864 6473.5854 6272.5829 6113.0054 5981.8263 5870.0833 5770.5212 5676.9757 5585.2606 5493.4485 5398.9873 5295.4823 5176.2293 5046.3887 4928.8419 4824.2706 4661.0338 4353.4088 4151.6548 4389.8066 4554.5738 4452.0808 3925.017 3476.3008 4250.6013 4712.6225 4929.5096 5126.1191 5550.5626 5990.9278 5353.9295 5046.8042
