Interpolasi.tif
NCOLS 645
NROWS 607
XLLCORNER 95.281025
YLLCORNER 5.5162043
DX 0.00014993143
DY 0.0001498306
NODATA_VALUE -9999
[rows 567 to 593 of 607, columns 0 to 59 of 645]
4413.5119 4413.1133 4412.7109 4412.3047 4411.8948 4411.4812 4411.0641 4410.6436 4410.2197 4409.7925 4409.3621 4408.9288 4408.4924 4408.0533 4407.6114 4407.1669 4406.72 4406.2707 4405.8192 4405.3657 4404.9104 4404.4534 4403.9949 4403.5351 4403.0743 4402.6128 4402.1508 4401.6886 4401.2265 4400.765 4400.3045 4399.8454 4399.3883 4398.9336 4398.482 4398.0341 4397.5906 4397.1523 4396.72 4396.2946 4395.8771 4395.4684 4395.0697 4394.6822 4394.3069 4393.9452 4393.5985 4393.2681 4392.9556 4392.6623 4392.3898 4392.1398 4391.9139 4391.7136 4391.5407 4391.3967 4391.2834 4391.2024 4391.1553 4391.1436
4413.324 4412.9345 4412.5414 4412.1447 4411.7445 4411.3409 4410.9341 4410.5241 4410.111 4409.6949 4409.276 4408.8543 4408.43 4408.0032 4407.574 4407.1426 4406.7091 4406.2736 4405.8363 4405.3975 4404.9572 4404.5156 4404.0731 4403.6298 4403.1859 4402.7418 4402.2978 4401.8541 4401.4112 4400.9694 4400.5292 4400.091 4399.6554 4399.2229 4398.7941 4398.3696 4397.9502 4397.5366 4397.1296 4396.7301 4396.339 4395.9573 4395.5861 4395.2264 4394.8795 4394.5465 4394.2287 4393.9275 4393.6443 4393.3804 4393.1373 4392.9165 4392.7195 4392.5479 4392.4032 4392.287 4392.2007 4392.146 4392.1243 4392.137
4413.1445 4412.7639 4412.3799 4411.9927 4411.6022 4411.2085 4410.8119 4410.4124 4410.01 4409.605 4409.1974 4408.7873 4408.3749 4407.9603 4407.5437 4407.1252 4406.705 4406.2831 4405.8599 4405.4354 4405.01 4404.5837 4404.1569 4403.7297 4403.3025 4402.8755 4402.4492 4402.0237 4401.5995 4401.1769 4400.7566 4400.3388 4399.9241 4399.5131 4399.1064 4398.7046 4398.3084 4397.9186 4397.536 4397.1614 4396.7957 4396.4399 4396.095 4395.762 4395.4421 4395.1365 4394.8463 4394.5728 4394.3174 4394.0814 4393.8661 4393.673 4393.5034 4393.3589 4393.2409 4393.1508 4393.0901 4393.0602 4393.0625 4393.0984
4412.9729 4412.6012 4412.2264 4411.8485 4411.4676 4411.0838 4410.6973 4410.3081 4409.9164 4409.5223 4409.1259 4408.7273 4408.3267 4407.9243 4407.5201 4407.1143 4406.7072 4406.2988 4405.8895 4405.4792 4405.0684 4404.6572 4404.2458 4403.8345 4403.4237 4403.0136 4402.6045 4402.1968 4401.7908 4401.3871 4400.9861 4400.5881 4400.1938 4399.8037 4399.4185 4399.0386 4398.665 4398.2982 4397.939 4397.5883 4397.247 4396.916 4396.5963 4396.2889 4395.9948 4395.7153 4395.4513 4395.2043 4394.9753 4394.7657 4394.5768 4394.4099 4394.2664 4394.1475 4394.0548 4393.9894 4393.9529 4393.9464 4393.9715 4394.0292
4412.8091 4412.4462 4412.0804 4411.7118 4411.3404 4410.9664 4410.5899 4410.211 4409.8298 4409.4465 4409.0612 4408.674 4408.2851 4407.8946 4407.5028 4407.1096 4406.7155 4406.3204 4405.9247 4405.5285 4405.132 4404.7356 4404.3395 4403.9438 4403.549 4403.1554 4402.7632 4402.3729 4401.9849 4401.5995 4401.2173 4400.8387 4400.4642 4400.0944 4399.7299 4399.3713 4399.0193 4398.6747 4398.3382 4398.0106 4397.6927 4397.3855 4397.0899 4396.8069 4396.5376 4396.2829 4396.044 4395.8221 4395.6183 4395.4339 4395.27 4395.128 4395.0091 4394.9146 4394.8457 4394.8038 4394.7901 4394.8059 4394.8525 4394.931
4412.6527 4412.2986 4411.9417 4411.5823 4411.2204 4410.856 4410.4894 4410.1207 4409.75 4409.3774 4409.0031 4408.6271 4408.2498 4407.8712 4407.4914 4407.1108 4406.7294 4406.3474 4405.9652 4405.5828 4405.2005 4404.8187 4404.4374 4404.0571 4403.6781 4403.3006 4402.925 4402.5517 4402.1812 4401.8137 4401.4498 4401.0899 4400.7347 4400.3846 4400.0402 4399.7022 4399.3713 4399.048 4398.7333 4398.4279 4398.1325 4397.8482 4397.5757 4397.3161 4397.0704 4396.8395 4396.6245 4396.4266 4396.2467 4396.0862 4395.9462 4395.8278 4395.7323 4395.6608 4395.6146 4395.5949 4395.6029 4395.6398 4395.7068 4395.805
4412.5035 4412.1581 4411.8101 4411.4598 4411.1072 4410.7524 4410.3957 4410.037 4409.6766 4409.3146 4408.9511 4408.5863 4408.2204 4407.8535 4407.4857 4407.1174 4406.7486 4406.3796 4406.0105 4405.6418 4405.2735 4404.9059 4404.5393 4404.1741 4403.8105 4403.4488 4403.0894 4402.7328 4402.3792 4402.0292 4401.6831 4401.3416 4401.005 4400.674 4400.3492 4400.0311 4399.7204 4399.4178 4399.1241 4398.84 4398.5663 4398.3039 4398.0536 4397.8165 4397.5933 4397.3851 4397.1929 4397.0178 4396.8609 4396.7231 4396.6057 4396.5098 4396.4365 4396.3869 4396.3623 4396.3637 4396.3923 4396.4492 4396.5356 4396.6524
4412.3612 4412.0244 4411.6852 4411.3439 4411.0006 4410.6553 4410.3083 4409.9596 4409.6094 4409.2579 4408.9051 4408.5513 4408.1966 4407.8412 4407.4853 4407.1291 4406.7727 4406.4164 4406.0605 4405.7051 4405.3505 4404.997 4404.6448 4404.2943 4403.9458 4403.5996 4403.2561 4402.9157 4402.5787 4402.2457 4401.917 4401.5932 4401.2748 4400.9623 4400.6563 4400.3575 4400.0664 4399.7838 4399.5103 4399.2468 4398.9939 4398.7526 4398.5236 4398.3079 4398.1063 4397.9198 4397.7494 4397.5962 4397.461 4397.3449 4397.2491 4397.1745 4397.1223 4397.0936 4397.0894 4397.1109 4397.159 4397.235 4397.3398 4397.4745
4412.2256 4411.8972 4411.5668 4411.2344 4410.9003 4410.5644 4410.227 4409.8882 4409.5481 4409.2069 4408.8647 4408.5218 4408.1782 4407.8342 4407.4899 4407.1456 4406.8015 4406.4578 4406.1146 4405.7724 4405.4312 4405.0915 4404.7535 4404.4174 4404.0837 4403.7526 4403.4246 4403.1 4402.7793 4402.4628 4402.151 4401.8445 4401.5437 4401.2492 4400.9615 4400.6813 4400.4091 4400.1457 4399.8918 4399.648 4399.4152 4399.194 4398.9855 4398.7903 4398.6095 4398.4438 4398.2942 4398.1617 4398.0473 4397.952 4397.8767 4397.8225 4397.7904 4397.7815 4397.7967 4397.8372 4397.904 4397.9981 4398.1204 4398.272
4412.0964 4411.7764 4411.4546 4411.1311 4410.806 4410.4794 4410.1515 4409.8224 4409.4923 4409.1613 4408.8296 4408.4974 4408.1648 4407.832 4407.4992 4407.1667 4406.8346 4406.5032 4406.1727 4405.8433 4405.5154 4405.1892 4404.865 4404.5431 4404.2238 4403.9076 4403.5947 4403.2855 4402.9806 4402.6802 4402.3849 4402.0951 4401.8114 4401.5343 4401.2643 4401.0021 4400.7482 4400.5034 4400.2682 4400.0435 4399.8299 4399.6283 4399.4393 4399.2639 4399.1028 4398.957 4398.8274 4398.7148 4398.6202 4398.5446 4398.4889 4398.4541 4398.4411 4398.4511 4398.4849 4398.5435 4398.628 4398.7393 4398.8783 4399.0461
4411.9733 4411.6617 4411.3484 4411.0336 4410.7175 4410.4001 4410.0816 4409.7621 4409.4418 4409.1209 4408.7995 4408.4778 4408.156 4407.8343 4407.5129 4407.1919 4406.8717 4406.5524 4406.2342 4405.9176 4405.6026 4405.2896 4404.979 4404.6709 4404.3658 4404.064 4403.7659 4403.4718 4403.1822 4402.8975 4402.6182 4402.3447 4402.0776 4401.8173 4401.5645 4401.3197 4401.0835 4400.8566 4400.6396 4400.4332 4400.2382 4400.0552 4399.885 4399.7285 4399.5865 4399.4597 4399.3491 4399.2555 4399.1799 4399.1231 4399.0861 4399.0697 4399.0751 4399.103 4399.1544 4399.2303 4399.3317 4399.4594 4399.6143 4399.7975
4411.8561 4411.5527 4411.2479 4410.9418 4410.6345 4410.3261 4410.0169 4409.7069 4409.3964 4409.0854 4408.7742 4408.4629 4408.1518 4407.8409 4407.5306 4407.221 4406.9124 4406.605 4406.2991 4405.9948 4405.6926 4405.3926 4405.0952 4404.8007 4404.5094 4404.2217 4403.938 4403.6586 4403.384 4403.1146 4402.8508 4402.5931 4402.3421 4402.0981 4401.8619 4401.634 4401.4148 4401.2052 4401.0057 4400.817 4400.6397 4400.4747 4400.3226 4400.1843 4400.0604 4399.9519 4399.8595 4399.7841 4399.7266 4399.6877 4399.6685 4399.6699 4399.6926 4399.7376 4399.8059 4399.8983 4400.0157 4400.159 4400.3291 4400.5269
4411.7445 4411.4493 4411.1528 4410.8553 4410.5567 4410.2573 4409.9572 4409.6566 4409.3557 4409.0545 4408.7533 4408.4523 4408.1516 4407.8515 4407.5521 4407.2538 4406.9566 4406.6609 4406.3668 4406.0748 4405.785 4405.4977 4405.2133 4404.932 4404.6543 4404.3804 4404.1107 4403.8456 4403.5856 4403.331 4403.0823 4402.84 4402.6045 4402.3764 4402.1563 4401.9446 4401.742 4401.549 4401.3663 4401.1946 4401.0345 4400.8868 4400.752 4400.6311 4400.5247 4400.4336 4400.3587 4400.3007 4400.2605 4400.2388 4400.2367 4400.2548 4400.2941 4400.3555 4400.4398 4400.5479 4400.6806 4400.8388 4401.0234 4401.2352
4411.6384 4411.3512 4411.063 4410.7739 4410.4839 4410.1934 4409.9024 4409.611 4409.3195 4409.028 4408.7367 4408.4457 4408.1554 4407.8658 4407.5772 4407.2898 4407.0039 4406.7196 4406.4373 4406.1572 4405.8796 4405.6048 4405.333 4405.0647 4404.8001 4404.5397 4404.2837 4404.0326 4403.7867 4403.5465 4403.3125 4403.0851 4402.8647 4402.652 4402.4474 4402.2514 4402.0647 4401.8879 4401.7215 4401.5661 4401.4225 4401.2914 4401.1733 4401.0691 4400.9794 4400.9051 4400.8469 4400.8055 4400.7818 4400.7766 4400.7907 4400.8249 4400.8801 4400.957 4401.0566 4401.1796 4401.3269 4401.4994 4401.6978 4401.9229
4411.5374 4411.2582 4410.9781 4410.6973 4410.4159 4410.1341 4409.852 4409.5697 4409.2875 4409.0055 4408.724 4408.443 4408.1627 4407.8835 4407.6055 4407.3289 4407.054 4406.781 4406.5101 4406.2417 4405.9761 4405.7134 4405.4541 4405.1984 4404.9467 4404.6994 4404.4567 4404.2192 4403.9871 4403.761 4403.5412 4403.3282 4403.1225 4402.9246 4402.7351 4402.5543 4402.383 4402.2217 4402.0709 4401.9314 4401.8037 4401.6885 4401.5864 4401.4982 4401.4247 4401.3664 4401.3241 4401.2987 4401.2908 4401.3013 4401.3309 4401.3805 4401.4508 4401.5426 4401.6568 4401.7941 4401.9553 4402.1413 4402.3528 4402.5907
4411.4414 4411.17 4410.898 4410.6254 4410.3525 4410.0792 4409.8059 4409.5326 4409.2596 4408.987 4408.7149 4408.4437 4408.1735 4407.9044 4407.6368 4407.3708 4407.1067 4406.8447 4406.5851 4406.3282 4406.0742 4405.8234 4405.5762 4405.3329 4405.0938 4404.8592 4404.6295 4404.4052 4404.1865 4403.974 4403.7681 4403.5691 4403.3777 4403.1942 4403.0191 4402.8531 4402.6967 4402.5503 4402.4147 4402.2903 4402.1779 4402.078 4401.9914 4401.9186 4401.8604 4401.8175 4401.7906 4401.7804 4401.7877 4401.8132 4401.8577 4401.9219 4402.0066 4402.1126 4402.2407 4402.3916 4402.5661 4402.765 4402.9891 4403.239
4411.3501 4411.0865 4410.8224 4410.5579 4410.2933 4410.0285 4409.7638 4409.4994 4409.2354 4408.972 4408.7094 4408.4477 4408.1873 4407.9282 4407.6708 4407.4152 4407.1617 4406.9105 4406.662 4406.4162 4406.1737 4405.9346 4405.6992 4405.4679 4405.241 4405.0189 4404.8019 4404.5904 4404.3848 4404.1855 4403.993 4403.8077 4403.63 4403.4604 4403.2994 4403.1476 4403.0055 4402.8736 4402.7525 4402.6428 4402.5451 4402.46 4402.3882 4402.3302 4402.2868 4402.2586 4402.2464 4402.2508 4402.2726 4402.3124 4402.3711 4402.4493 4402.5478 4402.6673 4402.8087 4402.9726 4403.1597 4403.371 4403.607 4403.8685
4411.2632 4411.0073 4410.7511 4410.4946 4410.2381 4409.9817 4409.7256 4409.4698 4409.2147 4408.9604 4408.707 4408.4548 4408.204 4407.9548 4407.7073 4407.4619 4407.2188 4406.9782 4406.7404 4406.5057 4406.2743 4406.0466 4405.8228 4405.6032 4405.3883 4405.1783 4404.9736 4404.7746 4404.5817 4404.3953 4404.2158 4404.0436 4403.8793 4403.7232 4403.5758 4403.4378 4403.3095 4403.1916 4403.0845 4402.9889 4402.9054 4402.8344 4402.7768 4402.733 4402.7038 4402.6898 4402.6916 4402.71 4402.7457 4402.7992 4402.8715 4402.963 4403.0747 4403.2072 4403.3612 4403.5374 4403.7367 4403.9597 4404.2071 4404.4796
4411.1807 4410.9324 4410.6838 4410.4353 4410.1868 4409.9386 4409.6909 4409.4437 4409.1973 4408.9519 4408.7077 4408.4647 4408.2234 4407.9838 4407.7461 4407.5107 4407.2778 4407.0476 4406.8203 4406.5963 4406.3759 4406.1592 4405.9467 4405.7386 4405.5353 4405.3371 4405.1445 4404.9576 4404.777 4404.6031 4404.4362 4404.2768 4404.1254 4403.9824 4403.8482 4403.7234 4403.6085 4403.504 4403.4105 4403.3285 4403.2586 4403.2013 4403.1573 4403.1272 4403.1116 4403.1111 4403.1264 4403.1582 4403.2071 4403.2738 4403.359 4403.4634 4403.5876 4403.7324 4403.8985 4404.0866 4404.2973 4404.5314 4404.7897 4405.0727
4411.1023 4410.8614 4410.6205 4410.3797 4410.1391 4409.8991 4409.6596 4409.4208 4409.1831 4408.9464 4408.7111 4408.4772 4408.2451 4408.015 4407.787 4407.5614 4407.3384 4407.1183 4406.9014 4406.6879 4406.4781 4406.2723 4406.0707 4405.8738 4405.6819 4405.4952 4405.3142 4405.1392 4404.9706 4404.8088 4404.6541 4404.5072 4404.3682 4404.2378 4404.1164 4404.0044 4403.9025 4403.811 4403.7305 4403.6615 4403.6047 4403.5606 4403.5297 4403.5127 4403.5101 4403.5227 4403.5509 4403.5955 4403.6571 4403.7363 4403.8339 4403.9505 4404.0867 4404.2433 4404.4209 4404.6202 4404.8419 4405.0867 4405.3553 4405.6483
4411.0277 4410.7941 4410.5607 4410.3276 4410.0949 4409.8628 4409.6314 4409.401 4409.1716 4408.9436 4408.717 4408.4921 4408.2691 4408.0482 4407.8297 4407.6137 4407.4004 4407.1903 4406.9834 4406.7802 4406.5808 4406.3855 4406.1948 4406.0088 4405.8279 4405.6524 4405.4827 4405.3192 4405.1622 4405.0121 4404.8694 4404.7344 4404.6076 4404.4894 4404.3803 4404.2807 4404.1912 4404.1122 4404.0443 4403.988 4403.9438 4403.9123 4403.894 4403.8896 4403.8995 4403.9245 4403.9651 4404.022 4404.0958 4404.187 4404.2964 4404.4247 4404.5723 4404.7401 4404.9287 4405.1388 4405.3709 4405.6258 4405.9042 4406.2067
4410.9568 4410.7305 4410.5045 4410.2789 4410.0538 4409.8296 4409.6062 4409.3839 4409.1629 4408.9433 4408.7253 4408.5092 4408.2951 4408.0833 4407.874 4407.6673 4407.4637 4407.2632 4407.0662 4406.873 4406.6838 4406.4988 4406.3185 4406.1431 4405.973 4405.8084 4405.6498 4405.4974 4405.3517 4405.2131 4405.0819 4404.9585 4404.8434 4404.737 4404.6398 4404.5522 4404.4747 4404.4078 4404.352 4404.3078 4404.2758 4404.2564 4404.2502 4404.2579 4404.2799 4404.3168 4404.3693 4404.4379 4404.5233 4404.626 4404.7467 4404.8861 4405.0447 4405.2232 4405.4222 4405.6425 4405.8846 4406.1491 4406.4368 4406.7483
4410.8894 4410.6702 4410.4515 4410.2333 4410.0158 4409.7993 4409.5837 4409.3695 4409.1566 4408.9453 4408.7358 4408.5282 4408.3229 4408.12 4407.9197 4407.7223 4407.5279 4407.337 4407.1496 4406.9661 4406.7868 4406.612 4406.4419 4406.2768 4406.1171 4405.9632 4405.8152 4405.6737 4405.539 4405.4114 4405.2913 4405.1792 4405.0755 4404.9806 4404.8948 4404.8188 4404.7529 4404.6977 4404.6535 4404.621 4404.6007 4404.5929 4404.5984 4404.6176 4404.6512 4404.6995 4404.7634 4404.8432 4404.9397 4405.0534 4405.185 4405.3349 4405.504 4405.6927 4405.9017 4406.1316 4406.3832 4406.6569 4406.9534 4407.2735
4410.8253 4410.6131 4410.4015 4410.1907 4409.9806 4409.7717 4409.5639 4409.3574 4409.1525 4408.9494 4408.7482 4408.5491 4408.3523 4408.1581 4407.9666 4407.7782 4407.593 4407.4113 4407.2334 4407.0594 4406.8898 4406.7248 4406.5646 4406.4096 4406.2601 4406.1164 4405.9789 4405.848 4405.7238 4405.607 4405.4978 4405.3966 4405.3038 4405.2199 4405.1453 4405.0804 4405.0258 4404.9817 4404.9488 4404.9276 4404.9184 4404.9219 4404.9386 4404.9689 4405.0135 4405.0729 4405.1476 4405.2382 4405.3453 4405.4695 4405.6113 4405.7714 4405.9504 4406.1488 4406.3673 4406.6065 4406.867 4407.1494 4407.4544 4407.7825
4410.7643 4410.559 4410.3545 4410.1508 4409.9481 4409.7466 4409.5463 4409.3476 4409.1506 4408.9554 4408.7623 4408.5715 4408.3831 4408.1974 4408.0146 4407.835 4407.6587 4407.4861 4407.3173 4407.1527 4406.9925 4406.837 4406.6865 4406.5413 4406.4018 4406.2681 4406.1407 4406.02 4405.9062 4405.7997 4405.701 4405.6104 4405.5282 4405.455 4405.3911 4405.337 4405.2932 4405.2599 4405.2379 4405.2274 4405.2291 4405.2434 4405.2707 4405.3118 4405.3669 4405.4368 4405.5219 4405.6229 4405.7401 4405.8743 4406.026 4406.1958 4406.3842 4406.5919 4406.8194 4407.0673 4407.3363 4407.627 4407.9399 4408.2757
4410.7062 4410.5078 4410.3102 4410.1135 4409.918 4409.7238 4409.531 4409.3399 4409.1506 4408.9632 4408.7781 4408.5953 4408.4152 4408.2378 4408.0635 4407.8925 4407.7249 4407.5611 4407.4013 4407.2458 4407.0948 4406.9486 4406.8076 4406.6719 4406.5419 4406.418 4406.3005 4406.1896 4406.0859 4405.9895 4405.9009 4405.8205 4405.7486 4405.6858 4405.6322 4405.5885 4405.5551 4405.5323 4405.5206 4405.5206 4405.5327 4405.5573 4405.595 4405.6462 4405.7116 4405.7915 4405.8866 4405.9973 4406.1243 4406.2681 4406.4291 4406.6081 4406.8055 4407.022 4407.2581 4407.5144 4407.7915 4408.0899 4408.4104 4408.7534
4410.6509 4410.4592 4410.2684 4410.0787 4409.8903 4409.7032 4409.5177 4409.334 4409.1523 4408.9726 4408.7952 4408.6204 4408.4483 4408.2791 4408.1131 4407.9504 4407.7914 4407.6363 4407.4852 4407.3385 4407.1965 4407.0594 4406.9275 4406.8011 4406.6805 4406.5661 4406.4581 4406.3569 4406.2628 4406.1762 4406.0974 4406.0269 4405.965 4405.9121 4405.8686 4405.8349 4405.8115 4405.7987 4405.7971 4405.8071 4405.8291 4405.8637 4405.9113 4405.9723 4406.0474 4406.137 4406.2416 4406.3618 4406.498 4406.6509 4406.8209 4407.0086 4407.2146 4407.4394 4407.6837 4407.9478 4408.2326 4408.5384 4408.8659 4409.2158
